e: 2.71828182845904523536
pi: 3.14159265358979323846264338327950288
hyp: dup * swap dup * + sqrt
test: 2+3j 3+2j +
test1: test -5-5j -
hyp_with_var: >b >a <a <a * <b <b * + sqrt >c
test_hyp: 3 4 hyp
test_hyp_with_var: 3 4 hyp_with_var <c
